16,0
12,1
23,1
25,1
27,1
30,1
31,1
16,2
61,2
66,2
67,2
68,2
72,2
73,2
74,2
75,2
77,2
78,2
80,2
81,2
83,2
86,2
87,2
89,2
93,2
12,3
25,3
28,3
29,3
8,4
23,4
61,4
7,5
12,5
31,5
32,5
31,6
34,6
36,6
42,6
61,6
12,7
31,7
73,7
95,7
31,8
61,8
31,9
34,9
61,9
68,9
73,9
75,9
77,9
81,9
83,9
87,9
12,10
31,10
61,10
12,11
18,11
19,11
21,11
22,11
23,11
25,11
28,11
31,11
32,11
35,11
36,11
37,11
40,11
41,11
42,11
44,11
45,11
46,11
47,11
50,11
51,11
52,11
54,11
57,11
61,11
63,11
65,11
67,11
68,11
73,11
74,11
75,11
77,11
80,11
81,11
83,11
87,11
7,12
12,12
18,12
31,12
61,12
12,13
18,13
31,13
34,13
18,14
31,14
61,14
18,15
31,15
43,15
44,15
45,15
46,15
47,15
50,15
51,15
52,15
53,15
54,15
57,15
61,15
63,15
65,15
66,15
67,15
68,15
73,15
74,15
75,15
77,15
78,15
88,15
95,15
33,16
12,17
18,17
31,17
33,17
34,17
42,17
58,17
61,17
12,18
18,18
24,18
31,18
33,18
42,18
61,18
94,18
97,18
7,19
12,19
33,19
78,19
88,19
95,19
98,19
103,19
31,20
33,20
38,20
41,20
42,20
43,20
45,20
47,20
48,20
53,20
54,20
55,20
56,20
57,20
58,20
60,20
61,20
63,20
68,20
69,20
74,20
78,20
81,20
82,20
83,20
88,20
17,21
20,21
21,21
22,21
26,21
28,21
30,21
31,21
33,21
42,21
61,21
7,22
18,22
42,22
45,22
58,22
61,22
78,22
18,23
42,23
45,23
58,23
61,23
75,23
77,23
78,23
81,23
83,23
85,23
87,23
96,23
100,23
18,24
42,24
61,24
78,24
18,25
32,25
34,25
36,25
37,25
39,25
40,25
41,25
42,25
45,25
46,25
47,25
50,25
51,25
52,25
53,25
54,25
58,25
61,25
63,25
66,25
74,25
78,25
88,25
66,26
33,27
38,27
40,27
43,27
47,27
53,27
54,27
56,27
57,27
63,27
66,27
68,27
69,27
73,27
83,27
88,27
93,27
94,27
18,28
24,28
32,28
34,28
42,28
55,28
58,28
61,28
66,28
74,28
78,28
88,28
17,29
19,29
26,29
28,29
32,29
39,29
42,29
47,29
51,29
54,29
61,29
73,29
83,29
85,29
100,29
18,30
24,30
42,30
45,30
61,30
66,30
74,30
76,30
78,30
86,30
100,30
103,30
18,31
24,31
32,31
42,31
66,31
5,32
8,32
9,32
16,32
17,32
19,32
23,32
24,32
25,32
27,32
28,32
29,32
30,32
32,32
34,32
36,32
37,32
39,32
42,32
45,32
46,32
47,32
58,32
61,32
63,32
68,32
69,32
71,32
73,32
86,32
88,32
100,32
103,32
18,33
42,33
45,34
48,34
54,34
66,34
71,34
76,34
24,35
32,35
42,35
45,35
51,35
66,35
16,36
18,36
32,36
42,36
55,36
58,36
74,36
5,37
16,37
18,37
27,37
32,37
42,37
55,37
58,37
74,37
100,37
27,38
29,38
30,38
32,38
34,38
72,38
83,38
85,38
103,38
104,38
105,38
18,39
32,39
42,39
16,40
18,40
24,40
28,40
43,40
45,40
46,40
47,40
48,40
49,40
52,40
53,40
54,40
56,40
57,40
59,40
61,40
63,40
66,40
68,40
69,40
70,40
71,40
73,40
75,40
83,40
86,40
88,40
100,40
5,41
18,41
100,41
113,41
10,42
15,42
17,42
19,42
23,42
25,42
27,42
29,42
30,42
31,42
32,42
34,42
35,42
36,42
37,42
38,42
39,42
40,42
41,42
42,42
43,42
44,42
46,42
47,42
49,42
58,42
66,42
27,43
29,43
32,43
49,43
55,43
58,43
74,43
28,44
32,44
72,44
100,44
5,45
9,45
16,45
18,45
28,45
33,45
34,45
36,45
37,45
38,45
41,45
43,45
45,45
47,45
48,45
49,45
51,45
55,45
58,45
66,45
74,45
86,45
5,46
9,46
11,46
12,46
18,46
31,46
33,46
34,46
35,46
36,46
37,46
38,46
49,46
58,46
66,46
23,47
24,47
30,47
34,47
37,47
38,47
46,47
47,47
5,48
9,48
11,48
18,48
66,48
18,49
31,49
58,49
8,50
10,50
12,50
14,50
15,50
17,50
20,50
21,50
24,50
31,50
38,50
49,50
100,50
113,50
9,51
11,51
16,51
18,51
19,51
27,51
29,51
49,51
63,51
64,51
67,51
71,51
72,51
73,51
75,51
79,51
81,51
83,51
85,51
87,51
90,51
91,51
92,51
93,51
95,51
97,51
98,51
101,51
102,51
103,51
104,51
105,51
106,51
3,52
5,52
9,52
18,52
27,52
29,52
31,52
32,52
33,52
34,52
36,52
37,52
38,52
39,52
41,52
43,52
45,52
47,52
48,52
49,52
51,52
106,52
9,53
11,53
16,53
18,53
19,53
27,53
29,53
38,53
42,53
51,53
55,53
58,53
74,53
100,53
106,53
113,53
18,54
21,54
24,54
28,54
38,54
44,54
50,54
85,54
3,55
5,55
9,55
11,55
18,55
21,55
27,55
29,55
38,55
3,56
5,56
9,56
11,56
18,56
21,56
38,56
51,56
86,56
92,56
100,56
106,56
113,56
9,57
11,57
18,57
19,57
28,57
38,57
53,57
54,57
56,57
57,57
59,57
63,57
64,57
103,57
106,57
113,57
3,58
5,58
9,58
11,58
14,58
16,58
18,58
19,58
21,58
24,58
27,58
28,58
29,58
38,58
42,58
43,58
45,58
58,58
3,59
5,59
9,59
11,59
16,59
18,59
21,59
38,59
50,59
67,59
71,59
72,59
73,59
75,59
79,59
80,59
81,59
83,59
84,59
87,59
90,59
91,59
93,59
95,59
5,60
9,60
11,60
18,60
19,60
20,60
3,61
5,61
9,61
11,61
19,61
49,61
3,62
5,62
9,62
11,62
29,62
30,62
31,62
34,62
37,62
44,62
46,62
47,62
55,62
58,62
67,62
72,62
9,63
11,63
19,63
49,63
74,63
97,63
106,63
9,64
11,64
19,64
23,64
28,64
38,64
45,64
49,64
55,64
74,64
3,65
9,65
49,65
58,65
61,65
67,65
72,65
80,65
83,65
87,65
93,65
97,65
106,65
3,66
14,66
38,66
49,66
74,66
97,66
100,66
106,66
14,67
38,67
42,67
43,67
45,67
47,67
51,67
54,67
55,67
58,67
61,67
67,67
71,67
73,67
77,67
80,67
81,67
83,67
95,67
96,67
99,67
101,67
102,67
104,67
105,67
106,67
109,67
110,67
114,67
116,67
3,68
5,68
9,68
24,68
38,68
72,68
84,68
93,68
3,69
5,69
9,69
38,69
74,69
93,69
3,70
5,70
9,70
11,70
16,70
19,70
21,70
22,70
23,70
24,70
25,70
26,70
27,70
29,70
30,70
31,70
34,70
35,70
40,70
47,70
49,70
51,70
55,70
72,70
84,70
93,70
97,70
100,70
106,70
113,70
116,70
3,71
5,71
9,71
11,71
16,71
19,71
21,71
23,71
27,71
29,71
38,71
45,71
49,71
74,71
84,71
97,71
100,71
106,71
109,71
110,71
114,71
117,71
119,71
124,71
5,72
9,72
11,72
19,72
21,72
49,72
97,72
9,73
38,73
40,73
45,73
47,73
49,73
54,73
55,73
58,73
61,73
65,73
67,73
70,73
71,73
73,73
74,73
75,73
76,73
77,73
79,73
80,73
93,73
104,73
5,74
9,74
11,74
19,74
21,74
38,74
40,74
42,74
49,74
54,74
68,74
88,74
104,74
3,75
5,75
9,75
14,75
24,75
28,75
38,75
40,75
45,75
72,75
74,75
80,75
82,75
84,75
86,75
93,75
94,75
97,75
100,75
104,75
106,75
113,75
116,75
5,76
9,76
11,76
19,76
21,76
38,76
40,76
49,76
54,76
74,76
97,76
104,76
106,76
116,76
124,76
5,77
6,77
10,77
11,77
12,77
16,77
21,77
27,77
29,77
40,77
45,77
72,77
80,77
84,77
86,77
94,77
97,77
100,77
106,77
113,77
116,77
124,77
3,78
9,78
11,78
38,78
40,78
54,78
55,78
74,78
80,78
93,78
97,78
104,78
106,78
3,79
9,79
11,79
25,79
26,79
28,79
38,79
40,79
47,79
49,79
51,79
54,79
55,79
94,79
97,79
100,79
103,79
106,79
116,79
124,79
3,80
9,80
11,80
21,80
24,80
38,80
40,80
45,80
97,80
106,80
3,81
9,81
11,81
19,81
21,81
23,81
24,81
28,81
29,81
31,81
36,81
38,81
40,81
41,81
42,81
51,81
62,81
68,81
71,81
88,81
95,81
96,81
102,81
106,81
109,81
3,82
9,82
38,82
40,82
45,82
72,82
80,82
84,82
86,82
94,82
97,82
100,82
106,82
116,82
124,82
9,83
11,83
12,83
13,83
14,83
15,83
18,83
21,83
22,83
38,83
40,83
45,83
49,83
54,83
72,83
80,83
82,83
84,83
86,83
94,83
97,83
100,83
106,83
3,84
9,84
21,84
49,84
54,84
72,84
80,84
93,84
97,84
104,84
106,84
116,84
9,85
21,85
23,85
29,85
40,85
47,85
49,85
51,85
54,85
62,85
68,85
71,85
80,85
97,85
106,85
116,85
124,85
3,86
9,86
19,86
21,86
44,86
63,86
65,86
67,86
72,86
74,86
80,86
84,86
95,86
96,86
106,86
3,87
9,87
19,87
21,87
38,87
40,87
47,87
49,87
54,87
74,87
80,87
97,87
104,87
106,87
116,87
124,87
3,88
9,88
97,88
116,88
124,88
49,89
54,89
80,89
97,89
104,89
106,89
116,89
124,89
3,90
9,90
19,90
21,90
38,90
40,90
45,90
49,90
97,90
106,90
3,91
9,91
40,91
80,91
97,91
104,91
117,91
119,91
9,92
19,92
22,92
23,92
25,92
28,92
29,92
31,92
36,92
38,92
40,92
41,92
42,92
46,92
48,92
50,92
51,92
53,92
56,92
61,92
62,92
63,92
65,92
67,92
68,92
70,92
71,92
73,92
77,92
78,92
79,92
85,92
86,92
87,92
88,92
89,92
92,92
93,92
95,92
96,92
106,92
9,93
10,93
11,93
12,93
13,93
14,93
15,93
17,93
18,93
19,93
20,93
22,93
25,93
28,93
31,93
34,93
36,93
37,93
38,93
39,93
40,93
49,93
116,93
122,93
124,93
21,94
23,94
29,94
38,94
47,94
49,94
54,94
55,94
56,94
61,94
62,94
68,94
69,94
70,94
71,94
73,94
74,94
79,94
80,94
84,94
85,94
87,94
88,94
89,94
92,94
94,94
95,94
102,94
104,94
106,94
108,94
109,94
110,94
111,94
41,95
45,95
47,95
49,95
55,95
74,95
80,95
106,95
3,96
21,96
23,96
29,96
41,96
42,96
45,96
51,96
68,96
71,96
77,96
94,96
106,96
3,97
38,97
45,97
69,97
72,97
80,97
3,98
15,98
21,98
22,98
24,98
26,98
30,98
31,98
49,98
68,98
95,98
102,98
3,99
15,99
38,99
45,99
69,99
72,99
80,99
84,99
94,99
106,99
122,99
124,99
49,100
53,100
55,100
58,100
61,100
70,100
71,100
73,100
74,100
75,100
76,100
77,100
78,100
79,100
81,100
82,100
85,100
90,100
92,100
95,100
104,100
107,100
108,100
110,100
113,100
49,101
50,101
51,101
53,101
54,101
56,101
62,101
67,101
68,101
70,101
71,101
73,101
77,101
78,101
79,101
85,101
87,101
89,101
92,101
95,101
103,101
106,101
108,101
110,101
111,101
112,101
117,101
121,101
122,101
124,101
4,102
5,102
8,102
9,102
11,102
12,102
13,102
14,102
17,102
18,102
19,102
20,102
21,102
22,102
23,102
25,102
26,102
28,102
30,102
53,102
54,102
56,102
58,102
59,102
62,102
67,102
68,102
69,102
70,102
71,102
73,102
77,102
78,102
79,102
80,102
84,102
85,102
86,102
87,102
89,102
90,102
92,102
93,102
94,102
95,102
103,102
106,102
110,102
113,102
29,103
110,103
15,104
21,104
23,104
29,104
62,104
68,104
71,104
77,104
80,104
85,104
87,104
89,104
110,104
113,104
124,104
15,105
21,105
38,105
46,105
50,105
53,105
61,105
70,105
71,105
72,105
73,105
74,105
75,105
76,105
80,105
84,105
110,105
124,105
15,106
21,106
27,106
28,106
35,106
80,106
84,106
110,106
124,106
21,107
38,107
40,107
74,107
104,107
110,107
38,108
40,108
50,108
53,108
61,108
70,108
74,108
110,108
117,108
124,108
38,109
40,109
50,109
72,109
74,109
76,109
80,109
84,109
104,109
110,109
15,110
21,110
40,110
77,110
79,110
80,110
81,110
84,110
85,110
86,110
92,110
95,110
107,110
108,110
110,110
119,110
121,110
38,111
40,111
110,111
15,112
21,112
40,112
50,112
74,112
77,112
110,112
38,113
69,113
70,113
72,113
76,113
80,113
84,113
35,114
45,114
50,114
62,114
68,114
110,114
127,114
38,115
70,115
72,115
76,115
77,115
80,115
84,115
110,115
70,116
72,116
77,116
79,116
110,116
20,117
22,117
23,117
24,117
25,117
26,117
35,117
37,117
38,117
40,117
47,117
50,117
57,117
59,117
110,117
21,118
59,118
70,118
72,118
50,119
51,119
54,119
61,119
62,119
67,119
68,119
69,119
70,119
71,119
77,119
110,119
127,119
21,120
22,120
24,120
25,120
35,120
38,120
39,120
42,120
44,120
45,120
46,120
49,120
50,120
51,120
52,120
53,120
54,120
55,120
56,120
58,120
59,120
70,120
110,120
47,121
57,121
50,122
51,122
54,122
58,122
61,122
62,122
68,122
69,122
71,122
44,123
46,123
47,123
49,123
50,123
51,123
54,123
58,123
61,123
62,123
67,123
68,123
69,123
70,123
104,123
44,124
46,124
47,124
51,124
53,124
57,124
39,125
57,125
67,125
121,125
123,125
39,126
42,126
44,126
46,126
47,126
49,126
50,126
51,126
52,126
53,126
54,126
58,126
61,126
62,126
68,126
70,126
71,126
76,126
77,126
78,126
80,126
83,126
85,126
86,126
87,126
88,126
89,126
94,126
95,126
100,126
101,126
102,126
103,126
104,126
105,126
110,126
67,127
58,128
61,128
62,128
67,128