94,18
97,18
103,30
103,32
103,19
103,38
103,57
103,79
95,98
68,98
102,98
49,98
43,67
43,58
50,54
44,54
85,54
92,56
88,74
68,74
42,74
42,67
42,58
42,53
72,44
82,75
82,83
54,74
77,96
71,96
68,96
51,96
45,96
41,96
42,96
41,92
44,86
41,95
63,86
65,86
49,74
67,86
69,97
69,99
69,113
62,114
45,114
35,114
50,114
29,104
29,103
29,96
29,94
29,92
29,85
29,81
29,77
68,114
29,71
29,70
29,58
29,55
29,53
29,52
29,51
29,43
29,38
30,38
69,94
34,38
29,62
72,38
83,38
85,38
105,38
104,38
113,41
113,50
113,53
113,56
113,57
113,70
113,75
113,77
109,81
106,81
102,81
96,81
95,81
88,81
71,81
68,81
62,81
51,81
42,81
41,81
40,81
38,81
36,81
31,81
28,81
27,77
103,51
27,71
27,70
27,58
27,55
27,53
27,52
27,51
27,43
27,38
27,37
27,42
28,40
28,45
28,44
28,54
28,58
28,57
28,64
28,75
28,79
26,79
25,79
16,77
16,71
16,70
16,59
16,58
16,51
16,53
16,45
16,40
16,36
16,37
16,32
19,29
26,29
28,29
32,29
39,29
17,29
47,29
51,29
54,29
61,29
73,29
83,29
85,29
86,32
86,30
86,45
86,56
69,102
86,75
86,77
86,82
86,83
42,29
32,38
71,85
68,85
62,85
54,85
51,85
51,79
51,70
51,67
58,65
67,65
61,65
72,65
80,65
83,65
80,85
87,65
93,65
94,75
94,77
94,79
94,82
94,83
94,96
94,99
89,104
87,104
85,104
80,104
77,104
71,104
69,104
68,104
62,104
55,100
55,98
55,94
55,95
55,78
55,79
55,73
55,70
55,67
55,64
55,62
55,53
55,45
55,43
55,37
55,36
55,28
55,20
94,94
73,7
76,30
76,34
71,34
54,34
48,34
45,34
34,32
34,28
29,42
34,17
34,13
34,25
34,9
34,6
36,6
42,6
45,20
45,22
45,23
45,25
45,30
45,32
45,35
45,40
45,45
45,52
45,58
45,64
45,67
45,71
45,73
45,75
66,34
45,77
45,80
45,82
45,83
45,90
45,95
45,97
45,99
35,106
27,106
28,106
23,104
23,96
23,94
23,92
23,85
23,81
23,102
23,71
23,70
23,64
30,62
34,62
31,62
37,62
44,62
45,62
46,62
47,62
58,62
67,62
72,62
72,68
72,70
72,75
72,77
45,11
72,82
72,83
72,84
45,15
72,86
72,97
72,99
72,105
72,109
72,115
72,116
72,113
72,118
69,122
68,122
61,122
58,122
62,122
54,122
51,122
50,122
47,117
47,114
47,121
47,94
47,95
86,40
47,87
47,85
47,79
47,73
47,70
47,67
94,102
54,67
61,67
71,67
73,67
67,67
58,67
77,67
80,67
82,67
81,67
83,67
84,70
84,71
84,75
84,77
84,82
84,83
84,86
84,94
84,99
84,105
84,106
84,109
84,110
84,113
84,115
77,119
70,119
69,119
71,119
84,68
68,119
67,119
62,119
61,119
54,119
51,119
50,119
50,117
50,112
50,109
50,108
53,108
70,108
70,115
70,113
70,116
70,118
84,102
70,120
70,123
68,123
67,123
61,123
58,123
62,123
54,123
51,123
50,123
49,123
47,123
46,123
44,123
61,108
40,117
40,114
40,112
40,111
40,110
40,109
40,108
40,107
40,106
45,105
46,105
50,105
53,105
61,105
71,105
70,105
74,105
73,105
75,105
76,105
76,109
76,113
76,115
74,112
74,109
74,108
74,107
74,104
74,100
74,96
74,98
74,94
74,95
74,86
74,87
74,75
74,78
74,74
74,76
74,73
74,71
71,122
74,66
74,69
74,63
74,64
74,53
74,54
74,45
74,43
74,37
74,36
74,25
74,30
74,28
77,23
78,23
69,123
81,23
83,23
85,23
87,23
96,23
100,23
100,29
100,32
100,37
100,30
100,40
100,41
100,44
100,50
100,53
100,56
100,66
100,71
100,70
100,77
100,75
100,79
100,82
75,23
100,83
96,86
95,86
93,84
93,78
93,75
93,73
93,70
93,68
93,69
96,67
95,67
100,67
99,67
101,67
102,67
104,67
106,67
105,67
109,67
110,67
113,67
114,67
116,67
116,76
116,70
116,75
116,79
116,77
116,82
116,84
116,85
116,87
116,88
116,89
116,93
111,94
110,94
106,94
108,94
104,94
109,94
102,94
95,94
92,94
89,94
87,94
88,94
85,94
79,94
80,94
73,94
70,94
71,94
68,94
61,94
62,94
56,94
54,94
54,89
54,87
54,84
54,83
54,76
54,78
54,79
54,73
61,73
58,73
65,73
67,73
70,73
73,73
71,73
75,73
79,73
77,73
76,73
80,73
80,78
80,75
80,77
80,82
80,84
80,83
80,86
80,87
80,89
80,91
80,95
80,97
80,99
80,102
80,105
80,106
80,109
80,110
80,113
80,115
77,116
77,112
77,110
81,110
79,110
85,110
86,110
92,110
95,110
108,110
107,110
110,110
119,110
121,110
127,114
127,119
123,125
121,125
104,123
104,109
104,107
104,100
104,91
79,116
104,89
104,87
104,84
104,76
104,78
104,75
104,74
104,73
106,71
109,71
110,71
113,71
114,71
117,71
119,71
124,71
124,76
124,77
124,79
124,87
124,85
124,88
124,82
124,89
77,115
124,93
124,101
124,99
124,104
124,105
124,106
124,108
113,104
117,108
113,102
113,94
113,100
116,91
117,91
119,91
122,101
122,93
122,99
112,101
111,101
117,101
121,101
110,101
108,101
106,101
103,101
94,101
95,101
92,101
89,101
87,101
85,101
79,101
78,101
77,101
73,101
70,101
71,101
69,101
67,101
68,101
62,101
56,101
53,101
54,101
50,101
51,101
49,101
49,95
49,94
49,93
49,90
49,89
49,87
49,86
49,85
49,84
49,83
49,76
49,79
49,73
49,72
49,71
49,70
49,65
49,66
49,63
49,64
49,61
71,59
67,59
73,59
72,59
75,59
79,59
80,59
84,59
81,59
83,59
87,59
89,59
90,59
91,59
92,59
93,59
95,59
97,63
97,65
97,67
97,66
97,71
97,70
97,72
97,75
97,76
97,78
97,77
97,79
97,80
97,81
97,82
97,83
97,84
97,85
97,87
97,89
97,90
97,88
97,91
94,92
93,92
95,92
92,92
89,92
86,92
87,92
88,92
85,92
82,92
79,92
78,92
77,92
73,92
70,92
71,92
69,92
68,92
67,92
65,92
63,92
62,92
61,92
56,92
53,92
50,92
51,92
48,92
47,92
46,92
42,92
38,92
40,92
36,92
31,92
28,92
22,92
25,92
19,92
19,87
19,86
19,90
19,81
19,76
19,74
19,72
19,71
19,70
19,63
19,64
19,61
19,57
19,58
19,53
19,51
23,47
24,47
30,47
29,47
34,47
37,47
38,47
46,47
47,47
49,100
50,59
62,54
58,58
58,53
58,46
58,49
58,42
58,45
58,43
58,38
58,37
58,36
58,32
58,25
58,28
58,23
58,22
58,17
58,20
61,9
68,9
77,9
75,9
73,9
81,9
83,9
87,9
98,23
94,27
98,19
93,27
88,27
73,27
83,27
68,27
69,27
66,27
63,27
57,27
56,27
53,27
54,27
43,27
47,27
40,27
38,27
33,27
7,22
7,12
7,5
23,4
7,19
24,18
24,28
8,4
24,32
24,30
24,35
24,31
24,40
24,50
24,54
24,58
24,70
24,68
24,81
21,83
24,80
24,75
22,83
18,83
14,83
12,83
15,83
11,80
11,81
13,83
11,77
11,83
11,76
11,74
11,72
11,78
11,71
11,70
11,79
11,62
11,60
11,61
11,64
11,63
11,59
11,58
11,56
11,57
11,55
11,53
11,48
11,51
11,46
14,50
14,58
14,67
14,66
96,92
14,75
12,46
12,77
10,77
5,77
6,77
5,75
5,74
5,72
5,71
5,69
5,70
5,68
5,62
5,60
5,61
5,56
5,55
5,59
5,52
5,58
5,48
5,46
5,45
19,60
5,37
5,41
5,32
17,32
8,32
23,32
9,32
19,32
25,32
27,32
28,32
30,32
29,32
32,32
39,32
36,32
37,32
47,32
42,32
46,32
51,34
51,35
49,45
51,45
48,45
47,45
43,45
37,45
36,45
41,45
38,45
34,45
33,45
32,42
32,39
32,43
32,35
32,37
32,36
32,31
32,44
37,25
40,25
32,28
39,25
32,25
41,25
36,25
42,25
46,25
47,25
50,25
52,25
51,25
53,25
54,25
63,25
61,25
66,25
66,28
66,30
66,31
66,42
66,44
66,35
66,46
66,40
66,45
66,48
66,26
64,57
59,57
56,57
55,57
57,57
53,57
63,57
54,57
51,52
51,56
51,53
55,51
58,51
64,51
63,51
67,51
71,51
73,51
72,51
75,51
79,51
81,51
86,51
83,51
89,51
87,51
85,51
90,51
91,51
92,51
97,51
95,51
98,51
93,51
101,51
102,51
104,51
106,51
105,51
106,53
106,63
106,56
106,65
106,66
106,57
106,70
106,76
106,75
106,78
106,77
106,80
106,79
106,82
106,84
106,86
106,83
106,85
106,87
106,89
106,90
106,92
106,52
106,95
106,96
5,76
106,102
106,99
103,102
93,102
90,102
92,102
89,102
95,102
87,102
86,102
85,102
79,102
78,102
73,102
77,102
70,102
71,102
67,102
68,102
59,102
58,102
62,102
55,102
56,102
53,102
54,102
53,100
58,100
61,100
70,100
71,100
73,100
75,100
78,100
77,100
76,100
79,100
81,100
82,100
85,100
90,100
94,100
92,100
95,100
107,100
108,100
110,100
110,103
110,102
110,104
110,106
110,105
110,107
110,108
110,111
110,109
110,112
110,114
110,116
110,115
110,117
110,119
110,120
105,126
110,126
104,126
102,126
103,126
100,126
101,126
94,126
95,126
89,126
88,126
87,126
86,126
83,126
85,126
80,126
78,126
76,126
77,126
71,126
70,126
68,126
62,126
61,126
58,126
52,126
53,126
54,126
51,126
50,126
49,126
47,126
46,126
44,126
42,126
39,126
44,124
46,124
47,124
51,124
53,124
57,124
67,127
67,128
61,128
62,128
67,125
58,128
57,125
57,123
39,125
57,121
57,117
59,118
59,119
59,120
56,120
55,120
53,120
54,120
52,120
51,120
49,120
50,120
47,120
45,120
46,120
42,120
44,120
38,120
39,120
35,120
24,120
25,120
22,120
21,120
21,112
21,110
21,118
21,107
21,106
21,105
21,104
21,98
21,102
21,96
21,94
21,87
21,86
21,90
21,84
21,85
21,80
21,77
21,76
21,81
21,74
21,72
21,71
21,70
25,70
22,70
26,70
30,70
31,70
35,70
40,70
34,70
40,74
40,76
40,73
40,77
40,78
40,79
40,75
40,80
58,120
40,82
40,85
40,87
40,83
40,91
40,90
40,93
37,93
38,93
34,93
36,93
31,93
28,93
20,93
25,93
22,93
18,93
19,93
14,93
17,93
15,93
12,93
11,93
9,93
9,91
10,93
9,88
13,93
9,90
9,87
9,85
9,86
9,84
9,82
9,80
9,79
9,81
9,76
9,83
9,75
9,73
9,74
9,72
9,78
9,69
9,71
9,68
9,70
9,65
9,64
9,62
9,63
9,61
9,60
9,59
9,57
9,58
9,56
9,55
9,52
9,51
9,48
9,53
9,46
9,45
15,42
19,42
17,42
23,42
25,42
31,42
30,42
34,42
10,42
35,42
36,42
37,42
38,42
39,42
40,42
41,42
42,42
43,42
44,42
45,42
46,42
49,42
47,42
49,43
49,46
49,50
49,51
49,52
47,52
43,52
42,52
41,52
39,52
38,52
37,52
36,52
34,52
33,52
32,52
31,52
31,50
31,49
31,46
33,46
39,93
35,46
34,46
36,46
37,46
38,46
38,50
38,53
38,54
38,55
38,56
38,57
38,58
38,59
38,66
38,67
38,64
38,68
38,71
38,69
38,74
38,73
38,75
38,76
38,78
38,79
38,80
38,82
59,117
38,87
38,83
38,90
38,94
38,97
38,99
38,105
38,107
38,108
38,109
38,111
38,113
38,115
38,117
35,117
26,117
25,117
24,117
23,117
22,117
20,117
15,112
15,110
15,106
15,105
15,104
15,99
15,98
22,98
24,98
26,98
29,98
30,98
31,98
30,102
28,102
26,102
9,92
25,102
20,102
22,102
19,102
18,102
37,117
17,102
14,102
11,102
8,102
9,102
12,102
4,102
5,102
3,99
3,98
3,97
13,102
3,91
3,88
3,90
3,87
3,84
3,86
3,82
3,96
3,80
3,79
3,81
3,75
3,71
3,69
3,68
3,66
3,70
3,65
3,78
3,62
3,61
3,56
3,59
3,55
3,52
3,58
10,50
11,50
8,50
12,50
15,50
17,50
20,50
21,50
21,55
21,54
21,56
21,58
21,59
18,60
18,57
18,56
18,58
18,55
18,54
18,52
18,53
18,50
18,49
18,51
18,48
18,46
18,41
18,45
18,39
18,40
18,37
18,33
18,36
18,32
18,31
18,29
18,27
18,30
18,28
18,25
18,24
18,23
18,22
18,17
18,18
18,15
18,14
18,12
18,11
18,13
21,11
18,59
22,11
23,11
25,11
28,11
31,11
32,11
35,11
36,11
40,11
37,11
41,11
44,11
42,11
46,11
50,11
52,11
51,11
47,11
55,11
57,11
58,11
54,11
61,11
65,11
63,11
48,52
67,11
68,11
74,11
73,11
75,11
77,11
80,11
81,11
83,11
88,15
88,20
87,11
88,19
88,28
88,25
88,32
88,40
75,40
70,40
83,40
73,40
68,40
71,40
69,40
61,40
63,40
59,40
57,40
55,40
56,40
53,40
54,40
52,40
49,40
46,40
48,40
47,40
43,40
42,37
42,36
42,35
42,34
42,33
42,31
42,30
42,27
42,28
42,24
42,23
42,22
42,21
42,18
42,20
42,17
44,15
46,15
47,15
50,15
51,15
52,15
20,60
53,15
55,15
54,15
57,15
58,15
63,15
61,15
65,15
66,15
67,15
68,15
74,15
73,15
75,15
78,15
77,15
78,19
78,20
78,22
78,24
78,25
78,28
78,30
73,32
71,32
69,32
43,15
68,32
61,32
63,32
61,30
61,24
61,28
61,23
61,21
61,22
61,18
61,20
61,14
61,17
61,12
61,10
61,8
61,4
61,6
66,2
67,2
61,2
72,2
68,2
74,2
73,2
75,2
78,2
77,2
80,2
81,2
86,2
83,2
89,2
93,2
87,2
95,7
95,15
95,19
83,20
82,20
81,20
74,20
69,20
68,20
63,20
42,39
60,20
57,20
56,20
54,20
53,20
48,20
47,20
43,20
41,20
38,20
34,20
33,20
31,20
31,18
31,17
31,15
31,14
31,13
31,12
31,10
31,9
31,8
31,7
31,6
31,5
33,16
33,17
33,18
19,11
33,19
33,21
30,21
31,21
28,21
26,21
22,21
21,21
20,21
17,21
12,18
12,17
12,19
12,12
12,11
12,10
12,13
12,7
32,5
12,1
12,5
12,3
23,1
27,1
25,1
30,1
31,1
29,3
28,3
25,3
16,0
16,2